,T_cpu,fan.T_air,fan.tension,working
0,61.012819972453954,14.234234234234235,12.0,False
1,64.49380359177934,18.85885885885886,12.0,False
2,58.93327131675307,11.471471471471471,6.0,False
3,56.46945823554218,8.198198198198199,6.0,False
4,53.48575799040607,4.2342342342342345,6.0,False
5,54.61594747720008,5.7357357357357355,6.0,False
6,70.48380787178743,26.816816816816818,12.0,False
7,66.07606887329094,20.96096096096096,12.0,False
8,50.43424637606241,0.18018018018018017,6.0,False
9,58.209950045204906,10.51051051051051,6.0,False
10,62.07519809004025,15.645645645645645,12.0,False
11,61.17104650060507,14.444444444444445,12.0,False
12,71.34275188175087,27.95795795795796,12.0,False
13,64.51640738151526,18.88888888888889,12.0,False
14,52.174738185725104,2.4924924924924925,6.0,False
15,58.142138675997266,10.42042042042042,6.0,False
16,63.36361410498546,17.35735735735736,12.0,False
17,72.33731863012952,29.27927927927928,12.0,False
18,64.87806801728931,19.36936936936937,12.0,False
19,66.84459772431083,21.98198198198198,12.0,False
20,51.24798280655405,1.2612612612612613,6.0,False
21,67.54531520612309,22.912912912912912,12.0,False
22,59.2723281627912,11.921921921921921,6.0,False
23,54.29949442089774,5.315315315315315,6.0,False
24,67.02542804219786,22.22222222222222,12.0,False
25,72.74418684537537,29.81981981981982,12.0,False
26,60.99021618271806,14.204204204204204,12.0,False
27,67.59052278559483,22.972972972972972,12.0,False
28,60.312102490641664,13.303303303303304,12.0,False
29,54.00564515433131,4.924924924924925,6.0,False
30,54.322098210633634,5.345345345345345,6.0,False
31,55.97217486135284,7.5375375375375375,6.0,False
32,51.51922828338457,1.6216216216216217,6.0,False
33,52.94326703674499,3.5135135135135136,6.0,False
34,53.463154200670225,4.2042042042042045,6.0,False
35,62.50467009502201,16.216216216216218,12.0,False
36,71.20712914333556,27.77777777777778,12.0,False
37,72.49554515828066,29.48948948948949,12.0,False
38,64.53901117125112,18.91891891891892,12.0,False
39,51.81307754995104,2.012012012012012,6.0,False
40,68.96935395948351,24.804804804804803,12.0,False
41,66.91240909351849,22.07207207207207,12.0,False
42,59.566177429357666,12.312312312312311,6.0,False
43,69.39882596446523,25.375375375375373,12.0,False
44,68.38165542635062,24.024024024024023,12.0,False
45,71.7722238867325,28.52852852852853,12.0,False
46,52.76243671885796,3.2732732732732734,6.0,False
47,72.60856410696013,29.63963963963964,12.0,False
48,57.37360982497741,9.3993993993994,6.0,False
49,55.316664959012286,6.666666666666667,6.0,False
50,66.66376740642376,21.74174174174174,12.0,False
51,55.79134454346577,7.297297297297297,6.0,False
52,68.01999479057655,23.543543543543542,12.0,False
53,69.67007144129576,25.735735735735737,12.0,False
54,60.583347967472214,13.663663663663664,12.0,False
55,72.02086557382725,28.85885885885886,12.0,False
56,52.42337987281977,2.8228228228228227,6.0,False
57,69.21799564657816,25.135135135135133,12.0,False
58,56.876326450787985,8.73873873873874,6.0,False
59,72.69897926590357,29.75975975975976,12.0,False
60,55.47489148716347,6.876876876876877,6.0,False
61,60.06346080354702,12.972972972972974,12.0,False
62,57.237987086562086,9.21921921921922,6.0,False
63,58.72983720913011,11.2012012012012,6.0,False
64,70.23516618469279,26.486486486486488,12.0,False
65,51.33839796549757,1.3813813813813813,6.0,False
66,55.2488535898047,6.576576576576577,6.0,False
67,67.81656068295364,23.273273273273272,12.0,False
68,72.2242996814501,29.12912912912913,12.0,False
69,50.411642586326515,0.15015015015015015,6.0,False
70,72.08867694303488,28.94894894894895,12.0,False
71,60.560744177736396,13.633633633633634,12.0,False
72,51.67745481153573,1.8318318318318318,6.0,False
73,72.63116789669598,29.66966966966967,12.0,False
74,59.76961153698056,12.582582582582582,6.0,False
75,71.32014809201495,27.92792792792793,12.0,False
76,62.6176890437014,16.366366366366368,12.0,False
77,53.802211046708344,4.654654654654655,6.0,False
78,50.88632217077997,0.7807807807807807,6.0,False
79,56.31123170739103,7.987987987987988,6.0,False
80,61.058027551925676,14.294294294294295,12.0,False
81,68.72071227238887,24.474474474474473,12.0,False
82,71.61399735858139,28.31831831831832,12.0,False
83,53.14670114436789,3.7837837837837838,6.0,False
84,65.30754002227106,19.93993993993994,12.0,False
85,50.36643500685472,0.09009009009009009,6.0,False
86,53.417946621198475,4.1441441441441444,6.0,False
87,69.55705249261634,25.585585585585584,12.0,False
88,64.92327559676114,19.42942942942943,12.0,False
89,55.407080117955836,6.786786786786787,6.0,False
90,71.84003525594022,28.61861861861862,12.0,False
91,55.56530664610698,6.996996996996997,6.0,False
92,58.77504478860187,11.26126126126126,6.0,False
93,50.54726532474177,0.3303303303303303,6.0,False
94,52.4911912420274,2.9129129129129128,6.0,False
95,53.82481483644427,4.684684684684685,6.0,False
96,64.06433158679766,18.28828828828829,12.0,False
97,50.773303222100566,0.6306306306306306,6.0,False
98,63.1601799973625,17.087087087087088,12.0,False
99,52.55900261123505,3.003003003003003,6.0,False
100,65.03629454544053,19.57957957957958,12.0,False
101,63.09236862815484,16.996996996996998,12.0,False
102,64.13214295600527,18.37837837837838,12.0,False
103,55.58791043584289,7.027027027027027,6.0,False
104,61.28406544928448,14.594594594594595,12.0,False
105,52.129530606253304,2.4324324324324325,6.0,False
106,60.69636691615163,13.813813813813814,12.0,False
107,55.429683907691725,6.816816816816817,6.0,False
108,66.82199393457498,21.95195195195195,12.0,False
109,70.07693965654161,26.276276276276278,12.0,False
110,52.83024808806561,3.3633633633633635,6.0,False
111,68.47207058529415,24.144144144144143,12.0,False
112,65.42055897095044,20.09009009009009,12.0,False
113,54.231683051690126,5.225225225225225,6.0,False
114,54.95500432323824,6.186186186186186,6.0,False
115,66.18908782197038,21.11111111111111,12.0,False
116,69.05976911842701,24.924924924924923,12.0,False
117,51.42881312444105,1.5015015015015014,6.0,False
118,51.790473760215164,1.981981981981982,6.0,False
119,57.599647722336194,9.6996996996997,6.0,False
120,64.90067180702522,19.3993993993994,12.0,False
121,68.22342889819947,23.813813813813812,12.0,False
122,66.23429540144205,21.17117117117117,12.0,False
123,72.78939442484712,29.87987987987988,12.0,False
124,54.43511715931302,5.495495495495495,6.0,False
125,69.94131691812632,26.096096096096097,12.0,False
126,57.577043932600304,9.66966966966967,6.0,False
127,69.76048660023926,25.855855855855857,12.0,False
128,65.53357791962979,20.24024024024024,12.0,False
129,51.225379016818145,1.2312312312312312,6.0,False
130,53.68919209802901,4.504504504504505,6.0,False
131,68.99195774921941,24.834834834834833,12.0,False
132,61.14844271086919,14.414414414414415,12.0,False
133,56.831118871316235,8.67867867867868,6.0,False
134,54.81938158482305,6.006006006006006,6.0,False
135,66.55074845774439,21.59159159159159,12.0,False
136,63.77048232023128,17.8978978978979,12.0,False
137,51.54183207312043,1.6516516516516517,6.0,False
138,70.009128287334,26.186186186186188,12.0,False
139,60.19908354196223,13.153153153153154,12.0,False
140,68.33644784687888,23.963963963963963,12.0,False
141,64.26776569442056,18.55855855855856,12.0,False
142,66.12127645276264,21.02102102102102,12.0,False
143,65.48837034015807,20.18018018018018,12.0,False
144,71.11671398439206,27.65765765765766,12.0,False
145,68.81112743133234,24.594594594594593,12.0,False
146,52.73983292912203,3.2432432432432434,6.0,False
147,59.74700774724473,12.552552552552552,6.0,False
148,53.39534283146255,4.114114114114114,6.0,False
149,66.05346508355508,20.93093093093093,12.0,False
150,60.28949870090581,13.273273273273274,12.0,False
151,62.57248146422963,16.306306306306308,12.0,False
152,56.26602412791926,7.927927927927928,6.0,False
153,61.39708439796391,14.744744744744745,12.0,False
154,55.99477865108865,7.5675675675675675,6.0,False
155,65.94044613487566,20.78078078078078,12.0,False
156,70.68724197941035,27.087087087087088,12.0,False
157,50.8185108015723,0.6906906906906907,6.0,False
158,60.78678207509518,13.933933933933934,12.0,False
159,72.20169589171428,29.0990990990991,12.0,False
160,67.002824252462,22.19219219219219,12.0,False
161,59.3853471114706,12.072072072072071,6.0,False
162,50.2986236376471,0.0,6.0,False
163,62.27863219766317,15.915915915915916,12.0,False
164,53.576173149349636,4.354354354354355,6.0,False
165,56.49206202527806,8.228228228228229,6.0,False
166,56.718099922636874,8.528528528528529,6.0,False
167,62.68550041290906,16.456456456456458,12.0,False
168,57.983912147846084,10.21021021021021,6.0,False
169,59.43055469094239,12.132132132132131,6.0,False
170,52.89805945727323,3.4534534534534536,6.0,False
171,59.00108268596072,11.561561561561561,6.0,False
172,67.86176826242544,23.333333333333332,12.0,False
173,58.41338415282787,10.78078078078078,6.0,False
174,53.30492767251904,3.993993993993994,6.0,False
175,64.76504906860997,19.21921921921922,12.0,False
176,72.246903471186,29.15915915915916,12.0,False
177,51.94870028836625,2.1921921921921923,6.0,False
178,51.06715248866699,1.021021021021021,6.0,False
179,61.2614616595486,14.564564564564565,12.0,False
180,72.2695072609219,29.18918918918919,12.0,False
181,66.09867266302685,20.99099099099099,12.0,False
182,62.45946251555022,16.156156156156158,12.0,False
183,64.33557706362821,18.64864864864865,12.0,False
184,60.17647975222645,13.123123123123124,12.0,False
185,70.39339271284393,26.696696696696698,12.0,False
186,72.35992241986541,29.30930930930931,12.0,False
187,57.531836353128504,9.60960960960961,6.0,False
188,66.41512571932913,21.41141141141141,12.0,False
189,71.18452535359968,27.74774774774775,12.0,False
190,52.287757134404494,2.6426426426426426,6.0,False
191,62.482066305286104,16.186186186186188,12.0,False
192,68.76591985186062,24.534534534534533,12.0,False
193,57.102364348146814,9.03903903903904,6.0,False
194,53.214512513575556,3.873873873873874,6.0,False
195,71.97565799435546,28.7987987987988,12.0,False
196,61.89436777215327,15.405405405405405,12.0,False
197,64.96848317623284,19.48948948948949,12.0,False
198,61.12583892113333,14.384384384384385,12.0,False
199,66.46033329880086,21.47147147147147,12.0,False
200,35.03360872585375,11.35135135135135,0.0,True
201,32.1673575609034,4.2642642642642645,0.0,True
202,38.284014249589845,20.57057057057057,0.0,True
203,34.08221205745722,8.94894894894895,0.0,True
204,32.65480547495595,5.285285285285285,0.0,True
205,38.73722492136104,21.44144144144144,0.0,True
206,41.278245745178225,26.096096096096097,6.0,True
207,42.19493165884095,27.117117117117118,6.0,True
208,33.95211090081901,8.018018018018019,0.0,True
209,30.357828308771506,0.9009009009009009,0.0,True
210,30.485267772935067,1.5615615615615615,0.0,True
211,43.84177262504217,29.21921921921922,6.0,True
212,40.721392867220125,25.165165165165163,6.0,True
213,32.7634041394768,5.405405405405405,0.0,True
214,33.912516873530144,8.258258258258259,0.0,True
215,44.151233775345176,29.54954954954955,6.0,True
216,32.51905714430498,5.135135135135135,0.0,True
217,31.706589852770705,3.7537537537537538,0.0,True
218,37.8779941346264,18.97897897897898,0.0,True
219,32.526672828532256,4.654654654654655,0.0,True
220,29.86484831132808,0.36036036036036034,0.0,True
221,30.458241218389773,1.5315315315315314,0.0,True
222,30.707130352315705,1.981981981981982,0.0,True
223,35.945429975516234,14.294294294294295,0.0,True
224,33.408325595166396,6.726726726726727,0.0,True
225,40.34914066368197,24.774774774774773,6.0,True
226,35.253318040229935,12.432432432432432,0.0,True
227,34.138280219235185,9.48948948948949,0.0,True
228,37.90203574781045,19.3993993993994,0.0,True
229,29.9801341220922,0.4804804804804805,0.0,True
230,40.5831968366819,25.315315315315313,6.0,True
231,35.137942274665605,11.441441441441441,0.0,True
232,34.24047506698337,9.21921921921922,0.0,True
233,32.44536307370016,4.564564564564565,0.0,True
234,36.54066343237505,15.465465465465465,0.0,True
235,37.47447729855072,17.98798798798799,0.0,True
236,34.04119909865229,9.03903903903904,0.0,True
237,32.3369500672573,4.444444444444445,0.0,True
238,31.471487127998678,2.8228228228228227,0.0,True
239,39.869191683177625,23.933933933933933,0.0,True
240,37.36350461719877,17.8978978978979,0.0,True
241,34.30895273895178,9.75975975975976,0.0,True
242,39.01864549746096,22.4024024024024,0.0,True
243,31.787901801264727,3.843843843843844,0.0,True
244,30.8964301645913,2.1921921921921923,0.0,True
245,35.88922231842617,13.753753753753754,0.0,True
246,36.20063430500352,14.774774774774775,0.0,True
247,32.63508583497506,4.774774774774775,0.0,True
248,39.23880666587512,22.822822822822822,0.0,True
249,37.601718167012805,18.31831831831832,0.0,True
250,40.377775448569516,24.804804804804803,6.0,True
251,41.052548879875765,25.825825825825827,6.0,True
252,35.38436616195538,12.642642642642642,0.0,True
253,37.750548411234206,19.21921921921922,0.0,True
254,43.46813406069989,28.82882882882883,6.0,True
255,41.34329386749025,26.216216216216218,6.0,True
256,32.913969657518194,5.7357357357357355,0.0,True
257,38.90070162586899,21.68168168168168,0.0,True
258,39.43249102424661,23.363363363363362,0.0,True
259,34.14187015913578,9.12912912912913,0.0,True
260,40.55452530260334,25.285285285285283,6.0,True
261,37.91271777431308,19.60960960960961,0.0,True
262,43.4968754887262,28.85885885885886,6.0,True
263,38.19437813762327,20.0,0.0,True
264,36.62538045832133,16.276276276276278,0.0,True
265,35.10870869946345,11.621621621621621,0.0,True
266,31.4254824440146,3.2732732732732734,0.0,True
267,30.53932088202568,1.6216216216216217,0.0,True
268,34.09436428342578,9.33933933933934,0.0,True
269,37.3419837032657,17.47747747747748,0.0,True
270,32.228537060814496,4.324324324324325,0.0,True
271,33.13129185568231,5.975975975975976,0.0,True
272,41.6588365357847,26.546546546546548,6.0,True
273,38.52372635026525,20.93093093093093,0.0,True
274,42.39578004380075,27.32732732732733,6.0,True
275,31.498529211821083,2.8528528528528527,0.0,True
276,32.83247383320665,5.645645645645645,0.0,True
277,41.276857464561125,26.006006006006007,6.0,True
278,41.51540805019633,26.396396396396398,6.0,True
279,33.5339861631746,7.597597597597598,0.0,True
280,43.32442692056825,28.67867867867868,6.0,True
281,29.918806148659296,0.42042042042042044,0.0,True
282,33.544482439459074,7.027027027027027,0.0,True
283,33.328229894496424,6.186186186186186,0.0,True
284,36.57705830739173,16.006006006006007,0.0,True
285,36.598430964194975,15.435435435435435,0.0,True
286,38.137708401725206,19.93993993993994,0.0,True
287,37.66848344118072,18.82882882882883,0.0,True
288,37.51586915596621,18.40840840840841,0.0,True
289,35.61726846267584,13.243243243243244,0.0,True
290,31.52760219807722,2.8828828828828827,0.0,True
291,33.27390077676286,6.126126126126126,0.0,True
292,37.4943179050154,18.61861861861862,0.0,True
293,36.852940178337946,16.426426426426428,0.0,True
294,38.127796718278866,20.27027027027027,0.0,True
295,34.173999735536526,9.15915915915916,0.0,True
296,37.48179468015493,18.22822822822823,0.0,True
297,31.0046014858916,2.3123123123123124,0.0,True
298,39.17248788300763,22.28228228228228,0.0,True
299,30.438762777345634,0.990990990990991,0.0,True
300,38.16604326967427,19.96996996996997,0.0,True
301,38.042686879459325,20.18018018018018,0.0,True
302,36.48417101403505,14.984984984984985,0.0,True
303,37.60729350387381,18.70870870870871,0.0,True
304,34.916594555465416,10.81081081081081,0.0,True
305,37.32379063401409,17.95795795795796,0.0,True
306,37.43430984673047,18.10810810810811,0.0,True
307,37.61589255162054,18.55855855855856,0.0,True
308,39.10944699288689,22.31231231231231,0.0,True
309,42.62527633879325,27.5975975975976,6.0,True
310,31.03164431621669,2.3423423423423424,0.0,True
311,39.047148526678086,22.43243243243243,0.0,True
312,38.18880941627967,20.03003003003003,0.0,True
313,37.81025387488546,18.85885885885886,0.0,True
314,34.65891653737312,10.57057057057057,0.0,True
315,30.950515825241425,2.2522522522522523,0.0,True
316,40.61186837076043,25.345345345345343,6.0,True
317,33.89057625955593,7.957957957957958,0.0,True
318,40.69275808233258,25.135135135135133,6.0,True
319,32.35615914752374,4.954954954954955,0.0,True
320,31.7776269671533,3.6636636636636637,0.0,True
321,31.69636284642899,3.5735735735735736,0.0,True
322,40.13905263087245,24.534534534534533,6.0,True
323,36.97229226871115,17.117117117117118,0.0,True
324,36.81710789234778,15.855855855855856,0.0,True
325,30.81530167361605,2.1021021021021022,0.0,True
326,37.018883012413056,17.147147147147148,0.0,True
327,39.15703483423382,22.64264264264264,0.0,True
328,40.99519049987131,25.765765765765767,6.0,True
329,30.598959031015372,1.8618618618618619,0.0,True
330,40.012101519912314,24.084084084084083,6.0,True
331,38.70158064455312,21.47147147147147,0.0,True
332,30.46574093353705,1.021021021021021,0.0,True
333,35.705269697691165,13.303303303303304,0.0,True
334,33.971241041934896,8.82882882882883,0.0,True
335,36.849112604915575,16.216216216216218,0.0,True
336,34.07439080952585,8.438438438438439,0.0,True
337,35.73299853494409,13.333333333333334,0.0,True
338,44.0004285893952,29.3993993993994,6.0,True
339,41.4006652617256,26.276276276276278,6.0,True
340,38.369175409375494,20.66066066066066,0.0,True
341,39.06533732674671,22.52252252252252,0.0,True
342,37.28470987178126,17.5975975975976,0.0,True
343,33.97506222428687,8.85885885885886,0.0,True
344,30.215002227482064,1.2612612612612613,0.0,True
345,39.12239186940211,22.58258258258258,0.0,True
346,38.843809916921614,21.62162162162162,0.0,True
347,31.344218323290278,3.183183183183183,0.0,True
348,39.087052614163284,22.19219219219219,0.0,True
349,30.64742710020687,1.7417417417417418,0.0,True
350,40.20596673924422,24.624624624624623,6.0,True
351,36.14487727101644,14.714714714714715,0.0,True
352,36.25869359568008,14.624624624624625,0.0,True
353,38.7082525650186,21.41141141141141,0.0,True
354,31.309234625064214,2.6426426426426426,0.0,True
355,31.290042242807395,3.123123123123123,0.0,True
356,33.69186003683092,7.177177177177177,0.0,True
357,30.160949118391468,1.2012012012012012,0.0,True
358,38.99014246824383,22.37237237237237,0.0,True
359,42.74010321827065,27.71771771771772,6.0,True
360,33.462802583457545,6.936936936936937,0.0,True
361,31.506746564738904,3.3633633633633635,0.0,True
362,31.22810837359698,2.5525525525525525,0.0,True
363,30.360169912947104,1.0810810810810811,0.0,True
364,35.843193261764725,13.123123123123124,0.0,True
365,39.577256083457804,23.243243243243242,0.0,True
366,37.064070407778686,17.237237237237238,0.0,True
367,38.21290655709836,20.36036036036036,0.0,True
368,37.95059566796618,19.81981981981982,0.0,True
369,37.26692907491004,17.41741741741742,0.0,True
370,30.330850152580137,0.8708708708708709,0.0,True
371,41.544093747314,26.426426426426428,6.0,True
372,43.55435834477889,28.91891891891892,6.0,True
373,31.262954202565975,3.093093093093093,0.0,True
374,35.62317395764734,12.492492492492492,0.0,True
375,31.642186765946125,3.5135135135135136,0.0,True
376,43.899255481094826,29.27927927927928,6.0,True
377,35.28781056785319,12.132132132132131,0.0,True
378,29.75693263666565,0.24024024024024024,0.0,True
379,37.23483819904019,17.207207207207208,0.0,True
380,36.9850770196778,16.696696696696698,0.0,True
381,38.96163943902669,22.34234234234234,0.0,True
382,33.21957165902932,6.066066066066066,0.0,True
383,36.09917249711184,14.474474474474475,0.0,True
384,37.485691743989626,17.92792792792793,0.0,True
385,32.859639107977166,5.675675675675675,0.0,True
386,32.309846815646615,4.414414414414415,0.0,True
387,35.79247415717481,13.273273273273274,0.0,True
388,40.88047373986243,25.645645645645647,6.0,True
389,34.20544962064685,9.18918918918919,0.0,True
390,37.14997561266301,16.996996996996998,0.0,True
391,44.29497412568991,29.6996996996997,6.0,True
392,32.736254473346584,5.375375375375375,0.0,True
393,33.802096961693145,7.717717717717718,0.0,True
394,33.89325020230018,8.76876876876877,0.0,True
395,32.47246632531084,4.594594594594595,0.0,True
396,32.580879331753664,4.714714714714715,0.0,True
397,30.84234450394111,2.1321321321321323,0.0,True
398,32.491907478174745,5.105105105105105,0.0,True
399,31.371306363531733,3.2132132132132134,0.0,True
400,40.549584157894834,24.984984984984983,6.0,True
401,31.723450886670435,3.6036036036036037,0.0,True
402,35.95463428161477,14.444444444444445,0.0,True
403,32.3911565704787,4.504504504504505,0.0,True
404,43.34855100976978,28.61861861861862,6.0,True
405,30.303871996388736,0.8408408408408409,0.0,True
406,37.51155797966601,18.25825825825826,0.0,True
407,40.053171998982506,24.444444444444443,6.0,True
408,38.25562719632794,20.54054054054054,0.0,True
409,34.011837902991374,8.348348348348349,0.0,True
410,36.132564841958995,14.504504504504505,0.0,True
411,40.49231458811971,24.924924924924923,6.0,True
412,31.750538926911847,3.6336336336336337,0.0,True
413,34.67964569129706,9.87987987987988,0.0,True
414,29.675995880668857,0.15015015015015015,0.0,True
415,34.68641785665968,10.6006006006006,0.0,True
416,44.522356237485795,29.93993993993994,6.0,True
417,38.397562462637374,20.69069069069069,0.0,True
418,42.16623903241811,27.087087087087088,6.0,True
419,33.98450741211661,8.318318318318319,0.0,True
420,30.08804674685771,0.6006006006006006,0.0,True
421,37.308276140995794,17.35735735735736,0.0,True
422,34.75493617032934,10.54054054054054,0.0,True
423,39.93866448979592,24.324324324324323,0.0,True
424,30.384806464962885,0.9309309309309309,0.0,True
425,32.66218908658576,4.804804804804805,0.0,True
426,38.55214819719017,20.96096096096096,0.0,True
427,36.75558840789783,16.606606606606608,0.0,True
428,31.282192541241784,2.6126126126126126,0.0,True
429,34.889085242502446,10.66066066066066,0.0,True
430,37.71710883500275,19.24924924924925,0.0,True
431,35.42410385870078,12.882882882882884,0.0,True
432,40.02454512168585,24.414414414414413,6.0,True
433,34.19124204875973,9.54954954954955,0.0,True
434,41.1959448298869,25.975975975975977,6.0,True
435,31.36331879270903,2.7027027027027026,0.0,True
436,42.68268977853195,27.65765765765766,6.0,True
437,34.91192472112083,11.561561561561561,0.0,True
438,33.30106533562964,6.156156156156156,0.0,True
439,35.27331649538407,12.522522522522522,0.0,True
440,30.6204005456616,1.7117117117117118,0.0,True
441,33.9770968992352,8.168168168168169,0.0,True
442,36.112148308888976,14.594594594594595,0.0,True
443,36.645523252936385,16.486486486486488,0.0,True
444,29.783911555331265,0.2702702702702703,0.0,True
445,35.736145342830284,12.732732732732732,0.0,True
446,32.364053318868,4.474474474474475,0.0,True
447,30.323108445663284,1.3813813813813813,0.0,True
448,35.91241663453579,13.483483483483484,0.0,True
449,37.42155423492901,18.34834834834835,0.0,True
450,34.84040800183751,10.84084084084084,0.0,True
451,37.28018055230728,17.32732732732733,0.0,True
452,40.50162873099811,25.195195195195193,6.0,True
453,36.01079840735428,13.663663663663664,0.0,True
454,38.48714734661461,20.78078078078078,0.0,True
455,39.59730472723364,23.603603603603602,0.0,True
456,36.31439701057691,14.684684684684685,0.0,True
457,36.92040450367773,16.666666666666668,0.0,True
458,37.35611993659686,18.13813813813814,0.0,True
459,34.275091025012735,9.36936936936937,0.0,True
460,31.8421097669274,3.903903903903904,0.0,True
461,35.11096116315907,11.951951951951951,0.0,True
462,35.62625863523592,12.942942942942944,0.0,True
463,38.03663220736724,19.6996996996997,0.0,True
464,38.10937353377616,19.90990990990991,0.0,True
465,41.220917723797115,26.036036036036037,6.0,True
466,39.82429911945257,24.144144144144143,0.0,True
467,38.047910896518346,19.48948948948949,0.0,True
468,37.747114149568674,18.88888888888889,0.0,True
469,36.6845249985291,16.246246246246248,0.0,True
470,33.90011303303593,8.378378378378379,0.0,True
471,36.0985838455065,14.114114114114114,0.0,True
472,37.00562137069346,17.057057057057058,0.0,True
473,31.554642830752407,2.9129129129129128,0.0,True
474,36.06231381620791,13.993993993993994,0.0,True
475,32.49956957692153,4.624624624624625,0.0,True
476,33.7240143731991,7.777777777777778,0.0,True
477,36.01995692680146,13.843843843843844,0.0,True
478,39.53923342649069,23.633633633633632,0.0,True
479,30.24202878202737,1.2912912912912913,0.0,True
480,34.040560124837725,8.64864864864865,0.0,True
481,34.336411083055296,9.78978978978979,0.0,True
482,36.6645520401783,15.825825825825826,0.0,True
483,43.19011920639178,28.40840840840841,6.0,True
484,33.57102707603359,6.606606606606607,0.0,True
485,42.36708741737794,27.2972972972973,6.0,True
486,32.11314959524073,4.2042042042042045,0.0,True
487,36.448494476989474,14.954954954954955,0.0,True
488,38.1217338907898,19.84984984984985,0.0,True
489,41.85963641560848,26.756756756756758,6.0,True
490,41.60146514154936,26.486486486486488,6.0,True
491,43.78428976898951,29.15915915915916,6.0,True
492,36.980190050765465,16.876876876876878,0.0,True
493,34.7070658293242,9.90990990990991,0.0,True
494,39.84060971583067,23.903903903903903,0.0,True
495,36.28038051571267,14.924924924924925,0.0,True
496,31.81500578409605,3.873873873873874,0.0,True
497,30.249915684005984,0.7807807807807807,0.0,True
498,44.036241495069355,29.42942942942943,6.0,True
499,40.14869716946914,24.564564564564563,6.0,True
500,37.81001940282551,19.00900900900901,0.0,True
501,38.537573057326355,21.23123123123123,0.0,True
502,34.69230684028404,10.48048048048048,0.0,True
503,36.13729728055894,14.414414414414415,0.0,True
504,39.5568871585301,23.153153153153152,0.0,True
505,39.181718990302535,22.762762762762762,0.0,True
506,32.57335647656537,5.195195195195195,0.0,True
507,38.69425743181469,21.11111111111111,0.0,True
508,29.62203804333765,0.09009009009009009,0.0,True
509,35.50167682218011,12.852852852852854,0.0,True
510,39.85290336145609,24.174174174174173,0.0,True
511,34.36386942715885,9.81981981981982,0.0,True
512,31.733693835602033,3.7837837837837838,0.0,True
513,34.99422126992085,10.63063063063063,0.0,True
514,30.034090434474944,0.5405405405405406,0.0,True
515,36.13011902799713,14.354354354354355,0.0,True
516,30.923472994916374,2.2222222222222223,0.0,True
517,32.410458479784126,5.015015015015015,0.0,True
518,33.477072549607854,7.387387387387387,0.0,True
519,36.625547257331526,15.255255255255255,0.0,True
520,33.9248302868555,7.987987987987988,0.0,True
521,32.68195514108617,5.315315315315315,0.0,True
522,39.568714249365364,23.573573573573572,0.0,True
523,37.78593241800596,18.91891891891892,0.0,True
524,44.20872991548309,29.60960960960961,6.0,True
525,37.49945293267439,18.46846846846847,0.0,True
526,37.489200233959835,18.07807807807808,0.0,True
527,42.30970216453224,27.237237237237238,6.0,True
528,39.56783170526628,23.663663663663662,0.0,True
529,33.41992627631381,6.906906906906907,0.0,True
530,39.661170703664986,23.783783783783782,0.0,True
531,36.8961010788731,16.546546546546548,0.0,True
532,37.013115372993546,16.726726726726728,0.0,True
533,35.412142936047935,12.672672672672672,0.0,True
534,34.83901760705222,10.03003003003003,0.0,True
535,36.38712120143901,15.165165165165165,0.0,True
536,37.448987284750075,18.28828828828829,0.0,True
537,41.92940019575681,26.846846846846848,6.0,True
538,34.13697953943402,9.00900900900901,0.0,True
539,43.31981676064411,28.58858858858859,6.0,True
540,33.92063915925312,8.7987987987988,0.0,True
541,42.13754640599527,27.057057057057058,6.0,True
542,34.03370359910245,8.528528528528529,0.0,True
543,29.945785067324916,0.45045045045045046,0.0,True
544,36.28654530312849,14.654654654654655,0.0,True
545,30.10689600930087,1.1411411411411412,0.0,True
546,35.72292910010898,13.423423423423424,0.0,True
547,39.471256759371734,23.063063063063062,0.0,True
548,40.53028579689634,25.225225225225223,6.0,True
549,38.54392063197698,20.84084084084084,0.0,True
550,32.62765580882578,5.255255255255255,0.0,True
551,35.75464560714758,13.153153153153154,0.0,True
552,35.932953093785,13.783783783783784,0.0,True
553,33.65026858738979,7.4174174174174174,0.0,True
554,40.66412329744505,25.105105105105103,6.0,True
555,39.11749051313346,22.01201201201201,0.0,True
556,39.40392376885751,23.333333333333332,0.0,True
557,34.834880211381,11.501501501501501,0.0,True
558,34.17557555301245,9.27927927927928,0.0,True
559,36.74373843179868,16.066066066066067,0.0,True
560,33.62394029510511,7.5375375375375375,0.0,True
561,37.10132578912842,16.966966966966968,0.0,True
562,43.6980654849105,29.06906906906907,6.0,True
563,31.44444504417627,2.7927927927927927,0.0,True
564,41.986786742205425,26.906906906906908,6.0,True
565,35.96495224016891,13.723723723723724,0.0,True
566,37.060902255965416,16.936936936936938,0.0,True
567,30.404188109299163,1.4714714714714714,0.0,True
568,43.05933454593763,28.31831831831832,6.0,True
569,34.28149439484825,9.72972972972973,0.0,True
570,41.83095071849079,26.726726726726728,6.0,True
571,32.7509780088951,5.555555555555555,0.0,True
572,39.153175152516226,22.73273273273273,0.0,True
573,33.664498481624186,7.147147147147147,0.0,True
574,36.97753869920835,17.027027027027028,0.0,True
575,34.76119628922066,10.99099099099099,0.0,True
576,42.424472670223594,27.35735735735736,6.0,True
577,33.7190852968264,7.207207207207207,0.0,True
578,38.73002649902681,21.5015015015015,0.0,True
579,34.907690467838115,11.23123123123123,0.0,True
580,41.24958173448768,26.066066066066067,6.0,True
581,34.827048829573975,10.72072072072072,0.0,True
582,43.24754589824546,28.46846846846847,6.0,True
583,38.87225577139531,21.65165165165165,0.0,True
584,30.06106859066634,0.5705705705705706,0.0,True
585,42.80071782989837,28.04804804804805,6.0,True
586,31.581683463427595,2.942942942942943,0.0,True
587,37.3240253753727,18.1981981981982,0.0,True
588,40.72655450707464,25.465465465465464,6.0,True
589,37.78598175518527,19.30930930930931,0.0,True
590,31.66927480618755,3.5435435435435436,0.0,True
591,37.855688714996525,19.36936936936937,0.0,True
592,38.45433656916116,20.75075075075075,0.0,True
593,39.74698974627299,23.873873873873872,0.0,True
594,39.18557057449062,22.67267267267267,0.0,True
595,34.59714946158068,10.27027027027027,0.0,True
596,43.233614013267115,28.4984984984985,6.0,True
597,33.02263075660024,5.8558558558558556,0.0,True
598,34.06860293667281,9.06906906906907,0.0,True
599,32.43760814591433,5.045045045045045,0.0,True
600,37.62710565474551,18.64864864864865,0.0,True
601,36.012775985304984,13.573573573573574,0.0,True
602,35.84515913761519,12.912912912912914,0.0,True
603,40.23460152413179,24.654654654654653,6.0,True
604,42.59656961892393,27.56756756756757,6.0,True
605,34.78971998052762,10.21021021021021,0.0,True
606,42.86784498647758,27.86786786786787,6.0,True
607,30.168981215431856,0.6906906906906907,0.0,True
608,42.97312897392453,28.22822822822823,6.0,True
609,37.47518935373532,17.65765765765766,0.0,True
610,35.19997446870166,11.921921921921921,0.0,True
611,34.43564989254559,9.63963963963964,0.0,True
612,30.674453654752178,1.7717717717717718,0.0,True
613,31.560922645221776,3.4234234234234235,0.0,True
614,34.917000864442834,11.14114114114114,0.0,True
615,37.45637095480017,18.04804804804805,0.0,True
616,36.4424109838347,15.285285285285285,0.0,True
617,33.69934341339267,7.327327327327327,0.0,True
618,37.26175437278974,17.74774774774775,0.0,True
619,36.63964322830141,15.885885885885886,0.0,True
620,38.815364062447884,21.59159159159159,0.0,True
621,30.869387334266175,2.1621621621621623,0.0,True
622,32.56546864436663,4.864864864864865,0.0,True
623,39.00161734531892,22.1021021021021,0.0,True
624,35.80279151592064,13.393393393393394,0.0,True
625,40.320505878794435,24.744744744744743,6.0,True
626,40.75522604115321,25.495495495495494,6.0,True
627,31.201066289774563,2.5225225225225225,0.0,True
628,37.043475333457344,17.087087087087088,0.0,True
629,34.497521540569544,10.06006006006006,0.0,True
630,33.875675369479175,8.198198198198199,0.0,True
631,35.0611657064711,11.381381381381381,0.0,True
632,43.29108251151843,28.55855855855856,6.0,True
633,38.566019641941736,21.26126126126126,0.0,True
634,42.71139649840129,27.68768768768769,6.0,True
635,34.064825671311816,8.67867867867868,0.0,True
636,38.509126472710996,21.2012012012012,0.0,True
637,30.734173182640777,2.012012012012012,0.0,True
638,39.05857419121515,22.16216216216216,0.0,True
639,33.61340576516864,8.078078078078079,0.0,True
640,36.719389879433685,15.765765765765765,0.0,True
641,39.48962553502479,23.423423423423422,0.0,True
642,42.08016115314959,26.996996996996998,6.0,True
643,34.79954445163167,10.69069069069069,0.0,True
644,33.158457130452824,6.006006006006006,0.0,True
645,43.353168348594565,28.70870870870871,6.0,True
646,42.74324744855629,27.98798798798799,6.0,True
647,43.7555483409632,29.12912912912913,6.0,True
648,36.40671043258468,14.834834834834835,0.0,True
649,36.00170633884428,14.234234234234235,0.0,True
650,38.622912811172476,21.32132132132132,0.0,True
651,38.081038665827144,19.87987987987988,0.0,True
652,30.276893840197353,0.8108108108108109,0.0,True
653,35.131506582974595,11.651651651651651,0.0,True
654,31.923421715421377,3.993993993993994,0.0,True
655,44.46484597095171,29.87987987987988,6.0,True
656,41.68752223290241,26.576576576576578,6.0,True
657,37.51608065196179,17.77777777777778,0.0,True
658,33.163374899552146,6.486486486486487,0.0,True
659,35.23266245787455,12.072072072072071,0.0,True
660,30.4927190897284,1.0510510510510511,0.0,True
661,35.272332356014076,11.771771771771771,0.0,True
662,41.95809346898111,26.876876876876878,6.0,True
663,33.59871172845442,7.5075075075075075,0.0,True
664,36.29472459484917,15.015015015015015,0.0,True
665,37.56898688305681,18.37837837837838,0.0,True
666,37.31673426222983,17.26726726726727,0.0,True
667,35.69295436582293,13.093093093093094,0.0,True
668,30.142003059240473,0.6606606606606606,0.0,True
669,34.9422078655953,10.93093093093093,0.0,True
670,39.9959182443892,24.384384384384383,0.0,True
671,36.71454864771428,15.945945945945946,0.0,True
672,39.11414064924671,21.98198198198198,0.0,True
673,38.49328228886011,20.87087087087087,0.0,True
674,38.002583961731276,19.45945945945946,0.0,True
675,34.79144861411406,9.96996996996997,0.0,True
676,30.68008752199062,1.951951951951952,0.0,True
677,33.94979797996875,8.138138138138139,0.0,True
678,35.30115392928359,12.552552552552552,0.0,True
679,33.185622405223334,6.036036036036036,0.0,True
680,31.4796585244975,3.3333333333333335,0.0,True
681,35.39949569150692,12.762762762762762,0.0,True
682,30.350135000208542,1.4114114114114114,0.0,True
683,36.54337211276527,15.645645645645645,0.0,True
684,41.744893627137756,26.636636636636638,6.0,True
685,39.08567003457829,21.95195195195195,0.0,True
686,39.01878650174159,21.8018018018018,0.0,True
687,32.81770347173719,5.465465465465465,0.0,True
688,33.10895202401101,6.426426426426427,0.0,True
689,39.028728805241435,21.89189189189189,0.0,True
690,35.328916398923596,12.582582582582582,0.0,True
691,38.97503979879012,22.07207207207207,0.0,True
692,35.83330836102775,13.213213213213214,0.0,True
693,43.52561691675254,28.88888888888889,6.0,True
694,33.38255901222993,6.246246246246246,0.0,True
695,30.9775586555665,2.2822822822822824,0.0,True
696,33.81771100422029,7.867867867867868,0.0,True
697,37.51865329612647,17.86786786786787,0.0,True
698,32.80530855843614,5.615615615615615,0.0,True
699,36.64219894277284,15.915915915915916,0.0,True
700,37.557977118114316,18.43843843843844,0.0,True
701,41.71620793002006,26.606606606606608,6.0,True
702,35.75181647522547,13.453453453453454,0.0,True
703,34.97932244312094,11.741741741741741,0.0,True
704,39.124631314729925,22.7027027027027,0.0,True
705,38.48067988809563,21.17117117117117,0.0,True
706,33.18365870418859,6.666666666666667,0.0,True
707,43.001864164595546,28.25825825825826,6.0,True
708,38.22724014306604,20.51051051051051,0.0,True
709,35.004898451554105,11.32132132132132,0.0,True
710,39.45435233789231,23.453453453453452,0.0,True
711,36.83105451380846,16.336336336336338,0.0,True
712,36.887121564211654,16.396396396396398,0.0,True
713,43.218832552318595,28.43843843843844,6.0,True
714,35.523834398641206,13.063063063063064,0.0,True
715,30.26905533657266,1.3213213213213213,0.0,True
716,33.049796031370754,5.885885885885886,0.0,True
717,37.43483206724596,17.71771771771772,0.0,True
718,34.894432769954975,10.42042042042042,0.0,True
719,34.329914781981266,9.42942942942943,0.0,True
720,36.540200071261665,15.105105105105105,0.0,True
721,34.634531820908435,9.93993993993994,0.0,True
722,34.38387560593612,9.84984984984985,0.0,True
723,35.934700766191376,14.384384384384385,0.0,True
724,41.42935095884329,26.306306306306308,6.0,True
725,37.50330257493981,17.68768768768769,0.0,True
726,35.79326139767314,14.054054054054054,0.0,True
727,40.52094937300727,24.954954954954953,6.0,True
728,40.78389757523173,25.525525525525524,6.0,True
729,31.950525698252733,4.024024024024024,0.0,True
730,31.058687146541757,2.3723723723723724,0.0,True
731,43.81303119701583,29.18918918918919,6.0,True
732,35.26028910988298,12.102102102102101,0.0,True
733,42.56793580233774,27.50750750750751,6.0,True
734,40.11042575357579,24.504504504504503,6.0,True
735,39.585430624916214,23.183183183183182,0.0,True
736,39.15091914072981,22.61261261261261,0.0,True
737,33.7748251685286,7.687687687687688,0.0,True
738,35.863506160561215,14.024024024024024,0.0,True
739,34.048313114345554,8.91891891891892,0.0,True
740,35.52155557018996,12.312312312312311,0.0,True
741,36.38753323557056,15.525525525525525,0.0,True
742,35.69585579279976,12.702702702702702,0.0,True
743,31.25515045741939,2.5825825825825826,0.0,True
744,42.79751665800932,27.77777777777778,6.0,True
745,36.01499189400433,14.144144144144144,0.0,True
746,37.33917042744915,17.80780780780781,0.0,True
747,40.6978829729961,25.435435435435434,6.0,True
748,33.21088602325459,6.696696696696697,0.0,True
749,31.174024205952154,2.4924924924924925,0.0,True
750,39.38562636021333,22.972972972972972,0.0,True
751,32.553776080142946,4.684684684684685,0.0,True
752,42.65704187654318,27.8978978978979,6.0,True
753,40.558942862794574,25.255255255255253,6.0,True
754,39.35298201702031,22.942942942942942,0.0,True
755,35.03981850948746,11.471471471471471,0.0,True
756,36.57626957583452,15.135135135135135,0.0,True
757,37.247116638622636,17.56756756756757,0.0,True
758,30.007112278283582,0.5105105105105106,0.0,True
759,34.898032251122544,11.11111111111111,0.0,True
760,36.683323939610105,15.585585585585585,0.0,True
761,31.452570484256043,3.3033033033033035,0.0,True
762,36.0306542057013,13.963963963963964,0.0,True
763,34.163796451943945,9.51951951951952,0.0,True
764,33.74631055682193,7.237237237237237,0.0,True
765,38.679805980403195,21.38138138138138,0.0,True
766,37.2365922103027,17.2972972972973,0.0,True
767,33.51666896977562,6.546546546546547,0.0,True
768,39.0938645980744,22.55255255255255,0.0,True
769,30.18797567293676,1.2312312312312312,0.0,True
770,34.10959579844563,8.97897897897898,0.0,True
771,34.930449931392694,11.02102102102102,0.0,True
772,41.36423777724987,26.186186186186188,6.0,True
773,29.702974799334452,0.18018018018018017,0.0,True
774,37.99609207682346,19.66966966966967,0.0,True
775,32.38330881365392,4.984984984984985,0.0,True
776,39.00828278409133,22.46246246246246,0.0,True
777,38.99034104315413,21.77177177177177,0.0,True
778,29.59505912467204,0.06006006006006006,0.0,True
779,33.82936875485767,7.747747747747748,0.0,True
780,36.72649923341095,16.576576576576578,0.0,True
781,39.48294281576059,23.483483483483482,0.0,True
782,32.255640312425186,4.354354354354355,0.0,True
783,35.98276798777995,14.564564564564565,0.0,True
784,38.078001409857876,19.72972972972973,0.0,True
785,34.88205758545866,10.78078078078078,0.0,True
786,41.57277944443168,26.456456456456458,6.0,True
787,33.44980147284625,7.357357357357357,0.0,True
788,31.533834604980353,3.3933933933933935,0.0,True
789,38.19885308980417,20.48048048048048,0.0,True
790,38.17046603654227,20.45045045045045,0.0,True
791,41.02386968987356,25.795795795795797,6.0,True
792,35.17764272975482,12.012012012012011,0.0,True
793,33.40972357109669,6.276276276276276,0.0,True
794,43.41065120464724,28.76876876876877,6.0,True
795,36.859088039010054,16.366366366366368,0.0,True
796,33.54417277253311,7.4474474474474475,0.0,True
797,33.83887002965282,8.048048048048049,0.0,True
798,35.214611033467364,12.192192192192191,0.0,True
799,37.64901697726627,19.18918918918919,0.0,True
800,35.00466982893603,11.531531531531531,0.0,True
801,41.16726563988466,25.945945945945947,6.0,True
802,43.38190977662091,28.73873873873874,6.0,True
803,37.947758716754436,19.42942942942943,0.0,True
804,44.17998184541413,29.57957957957958,6.0,True
805,38.23863557158884,20.42042042042042,0.0,True
806,41.081228069877994,25.855855855855857,6.0,True
807,35.225644089645925,12.402402402402402,0.0,True
808,42.48185792306925,27.41741741741742,6.0,True
809,38.425949515899276,20.72072072072072,0.0,True
810,37.61480533053637,19.0990990990991,0.0,True
811,31.39036087653146,2.7327327327327327,0.0,True
812,39.88150760345964,24.204204204204203,0.0,True
813,39.05719941990985,21.92192192192192,0.0,True
814,41.138586449882446,25.915915915915917,6.0,True
815,43.583099772805205,28.94894894894895,6.0,True
816,38.059573876229344,19.75975975975976,0.0,True
817,32.031837646746695,4.114114114114114,0.0,True
818,31.869213749758725,3.933933933933934,0.0,True
819,36.672500568984425,16.516516516516518,0.0,True
820,44.237477985552026,29.63963963963964,6.0,True
821,36.04772967088189,13.873873873873874,0.0,True
822,31.615098725704662,3.4834834834834836,0.0,True
823,38.07105682573252,20.21021021021021,0.0,True
824,33.5172558207919,6.996996996996997,0.0,True
825,40.291871093906884,24.714714714714713,6.0,True
826,39.324438179233994,22.912912912912912,0.0,True
827,40.96651130986909,25.735735735735737,6.0,True
828,33.15643138512257,6.636636636636637,0.0,True
829,42.5392431759149,27.47747747747748,6.0,True
830,38.58057004411506,20.99099099099099,0.0,True
831,44.06498956513832,29.45945945945946,6.0,True
832,37.22914292943895,17.38738738738739,0.0,True
833,39.6057997675259,23.273273273273272,0.0,True
834,38.65135939578784,21.35135135135135,0.0,True
835,32.72381273412459,5.525525525525525,0.0,True
836,40.46367980323219,24.894894894894893,6.0,True
837,39.03009576826706,22.13213213213213,0.0,True
838,29.891827229993684,0.39039039039039036,0.0,True
839,44.57986650401986,30.0,6.0,True
840,35.20514968879761,12.042042042042041,0.0,True
841,37.68026257816699,19.06906906906907,0.0,True
842,40.8699121774674,25.615615615615614,6.0,True
843,31.977629681084093,4.054054054054054,0.0,True
844,40.60685372766994,25.045045045045043,6.0,True
845,35.08872268708845,11.411411411411411,0.0,True
846,40.17733195435668,24.594594594594593,6.0,True
847,33.70583633244411,7.627627627627628,0.0,True
848,35.150021902426126,11.981981981981981,0.0,True
849,29.72995371800006,0.21021021021021022,0.0,True
850,35.959176020513866,14.534534534534535,0.0,True
851,39.52509866227562,23.213213213213212,0.0,True
852,38.17934830144779,19.78978978978979,0.0,True
853,39.603958008593,23.723723723723722,0.0,True
854,36.71453094980075,16.126126126126128,0.0,True
855,35.96326255760956,14.204204204204204,0.0,True
856,33.86329025441291,7.927927927927928,0.0,True
857,33.815804920250216,7.297297297297297,0.0,True
858,35.93544859668666,14.174174174174174,0.0,True
859,36.10230815768777,14.324324324324325,0.0,True
860,36.42305391939141,15.195195195195195,0.0,True
861,39.144009460059515,22.25225225225225,0.0,True
862,32.08604561240941,4.1741741741741745,0.0,True
863,36.33350543736284,15.045045045045045,0.0,True
864,35.43726747038121,12.792792792792792,0.0,True
865,32.32900948139351,4.924924924924925,0.0,True
866,42.015480015429716,26.936936936936938,6.0,True
867,35.15850724011679,11.681681681681681,0.0,True
868,35.93346373117542,13.693693693693694,0.0,True
869,31.507661138722238,3.033033033033033,0.0,True
870,43.43939263267355,28.7987987987988,6.0,True
871,37.734415982811626,18.7987987987988,0.0,True
872,39.49980022575785,23.093093093093092,0.0,True
873,31.67948586993936,3.7237237237237237,0.0,True
874,36.17275578800997,14.744744744744745,0.0,True
875,37.98594698691299,20.12012012012012,0.0,True
876,34.77940107763968,10.9009009009009,0.0,True
877,39.115531037111396,22.22222222222222,0.0,True
878,35.734319808041924,13.813813813813814,0.0,True
879,37.47733312542366,18.52852852852853,0.0,True
880,39.26735050366143,22.852852852852852,0.0,True
881,40.84124064338885,25.585585585585584,6.0,True
882,30.761216012965868,2.042042042042042,0.0,True
883,34.72899989232685,10.15015015015015,0.0,True
884,33.90298751664387,8.228228228228229,0.0,True
885,33.436888129963485,6.306306306306306,0.0,True
886,43.11680492727969,28.37837837837838,6.0,True
887,31.89631773259003,3.963963963963964,0.0,True
888,32.418259822089425,4.534534534534535,0.0,True
889,32.79055380560699,5.435435435435435,0.0,True
890,36.37884253715048,14.804804804804805,0.0,True
891,29.837869392662466,0.3303303303303303,0.0,True
892,40.43504501834463,24.864864864864863,6.0,True
893,36.36906563885666,15.075075075075075,0.0,True
894,31.635764728777957,3.003003003003003,0.0,True
895,39.596429984041905,23.693693693693692,0.0,True
896,34.020930653787254,8.88888888888889,0.0,True
897,34.005310163943285,8.498498498498499,0.0,True
898,32.709104807216384,5.345345345345345,0.0,True
899,35.91892062536908,13.603603603603604,0.0,True
900,32.99546548182972,5.8258258258258255,0.0,True
901,33.48995779537534,6.816816816816817,0.0,True
902,34.11175064645383,8.70870870870871,0.0,True
903,35.608762986316314,13.033033033033034,0.0,True
904,38.0994267720057,20.24024024024024,0.0,True
905,35.955354920310896,13.903903903903904,0.0,True
906,35.09652850107738,11.831831831831831,0.0,True
907,34.85455320751632,10.75075075075075,0.0,True
908,34.66481677370933,10.45045045045045,0.0,True
909,42.28100953810944,27.207207207207208,6.0,True
910,44.49360110421875,29.90990990990991,6.0,True
911,43.72680691293685,29.0990990990991,6.0,True
912,34.86051340049878,10.39039039039039,0.0,True
913,39.4427132929856,23.033033033033032,0.0,True
914,36.54259502661503,15.375375375375375,0.0,True
915,41.45803665596095,26.336336336336338,6.0,True
916,35.89586894693084,13.363363363363364,0.0,True
917,39.52834369214399,23.123123123123122,0.0,True
918,32.778143283665635,5.585585585585585,0.0,True
919,36.21493091375535,14.864864864864865,0.0,True
920,36.647425423336394,15.555555555555555,0.0,True
921,34.07937515404309,8.558558558558559,0.0,True
922,34.90283932062698,10.3003003003003,0.0,True
923,30.296081891117964,1.3513513513513513,0.0,True
924,38.94656155035249,22.04204204204204,0.0,True
925,33.74755337536408,7.657657657657658,0.0,True
926,41.90070692253252,26.816816816816818,6.0,True
927,43.262348262392756,28.52852852852853,6.0,True
928,33.72734626712042,7.057057057057057,0.0,True
929,33.13616346178159,6.456456456456457,0.0,True
930,39.51153329362883,23.513513513513512,0.0,True
931,39.71838339873701,23.843843843843842,0.0,True
932,37.9563283565849,19.63963963963964,0.0,True
933,33.5773528858381,7.897897897897898,0.0,True
934,35.59597384808023,12.822822822822824,0.0,True
935,38.1845366108252,20.33033033033033,0.0,True
936,35.82679297276849,14.084084084084084,0.0,True
937,38.93345012597924,21.71171171171171,0.0,True
938,32.69664745935407,5.495495495495495,0.0,True
939,33.43553632856939,6.756756756756757,0.0,True
940,32.88680438274767,5.7057057057057055,0.0,True
941,29.541101287340823,0.0,0.0,True
942,39.414169826599455,23.003003003003002,0.0,True
943,42.9443937832535,28.1981981981982,6.0,True
944,39.63256435612899,23.753753753753752,0.0,True
945,38.014316933186166,20.15015015015015,0.0,True
946,33.49002920212471,6.966966966966967,0.0,True
947,38.722679278739605,21.14114114114114,0.0,True
948,35.983139896583396,13.933933933933934,0.0,True
949,37.16076870861415,17.177177177177178,0.0,True
950,42.85818821124042,28.10810810810811,6.0,True
951,38.52169502136224,20.9009009009009,0.0,True
952,44.122485705276205,29.51951951951952,6.0,True
953,29.649016962003238,0.12012012012012012,0.0,True
954,38.14711198932223,20.09009009009009,0.0,True
955,36.459026190867526,15.225225225225225,0.0,True
956,33.977972039241635,8.468468468468469,0.0,True
957,39.54584583795149,23.303303303303302,0.0,True
958,37.744414777556734,19.03903903903904,0.0,True
959,34.951440334836185,11.05105105105105,0.0,True
960,32.60050614269557,5.225225225225225,0.0,True
961,35.24583184960827,11.861861861861861,0.0,True
962,30.653044691665553,1.921921921921922,0.0,True
963,34.68139362479832,10.0,0.0,True
964,42.2523169116866,27.177177177177178,6.0,True
965,33.392701016318306,6.876876876876877,0.0,True
966,34.302502903497015,9.3993993993994,0.0,True
967,38.637413737964906,21.05105105105105,0.0,True
968,33.07696130614131,5.915915915915916,0.0,True
969,35.851919230460496,13.633633633633634,0.0,True
970,42.829453020569375,28.07807807807808,6.0,True
971,43.64058262885788,29.00900900900901,6.0,True
972,32.14025357807206,4.2342342342342345,0.0,True
973,30.38716460718808,1.1111111111111112,0.0,True
974,34.01319987714077,8.618618618618619,0.0,True
975,38.21715261176975,20.06006006006006,0.0,True
976,32.96830020705921,5.7957957957957955,0.0,True
977,43.0305993552666,28.28828828828829,6.0,True
978,30.222937527814615,0.7507507507507507,0.0,True
979,40.63548851255747,25.075075075075073,6.0,True
980,40.90915292986465,25.675675675675677,6.0,True
981,33.358850393643365,6.846846846846847,0.0,True
982,39.29589434144772,22.882882882882882,0.0,True
983,31.33627670888663,2.6726726726726726,0.0,True
984,39.95493758521843,24.024024024024023,0.0,True
985,36.47449679719959,15.675675675675675,0.0,True
986,32.301859815263334,4.894894894894895,0.0,True
987,36.778379638811536,16.096096096096097,0.0,True
988,42.22362428526375,27.147147147147148,6.0,True
989,42.45316529664644,27.38738738738739,6.0,True
990,41.63015083866703,26.516516516516518,6.0,True
991,34.759052066677455,10.87087087087087,0.0,True
992,39.210262828088815,22.792792792792792,0.0,True
993,40.812569109310296,25.555555555555554,6.0,True
994,37.50474992456146,18.16816816816817,0.0,True
995,31.41740296035386,2.7627627627627627,0.0,True
996,36.81348069013729,16.186186186186188,0.0,True
997,33.340939828757136,6.366366366366366,0.0,True
998,34.97290538039239,11.17117117117117,0.0,True
